2885 3959 6247 2145 4144 4715 6251 4980 4457 373 376 1896 4459 3440 5218 3630 4962 1143 1831 3947 3699 2170 2665 5172 3183 4968 625 1907
3913 5475 872 3373 2920 5241 2153 630 3702 6243 1913 2859 2424 3946 5744 2659 2418 1899 5729 5172 1390 2145 4401 628 4466 5733 5481 1123
1101 1144 32 3174 4466 5221 101 372 6200 97 1060 5489 3960 365 365 2153 1388 2414 1574 1144 4197 4401 5479 2671 2410 5485 624 6200 1352 
1361 3699 3438 5485 2423 362 624 103 3116 4179 32 876 4201 4401 6251 5488 5753 3445 32 3938 2424 4457 1129 1060 1387 2918 4967 5429 1658 1646 868 3194 5686 4930 2602 1658 5732 3169 2404 2930 1389 2403
5968 5481 6008 2420 1386 3887 2406 6265 116 3697 5218 3186 5237 6241 4470 6000 5686 6008 1913 615 6200 2403 6246 1900 1574 2925 6243 4715 887
337 3185 4210 4981 2935 872 3116 3702 3699 2924 4708 4202 3445 6200 1902 5986 5487 6257 3116 1637 5996 4717 546 2146 2424 3373 2677 2423 5996 890 5429 121 3940 3175 5485 1060 4467 2671 4716 1889 5729 3686 5943 3173 3442 2164 2672 
2650 615 355 4210 3449 2414 6200 1400 1643 116 5486 1574 114 4984 99 2938 1399 871 372 546 5225 6252 5429 1103 3703 1384 2163 5486 5744 3695 628 2403 4727 1656
1626 2931 1900 2345 5242 4974 5230 3689 114 3956 2859 3703 1400 4401 1643 1122 4982 362 116 2675 4453 4472 
3188 872 5172 80 5241 2925 355 1907 5729 2859 2402 623 1125 3686 5230 3691 5494 4973 6010 3445 1831 6244 625 4984 3430 289 3172 5986 5494 5479 1060 2415 362 373 2937 5498 3173 3173 803 2403 5999 3438 2926 1135 1133 2423 4986 
1622 3956 1640 6009 2421 1900 803 5443 872 4466 4965 2917 5732 546 6261 5751 2937 3174 1143 4144 2408 4454 4717 4658 5487 2424 803 2156 1133 3688 6010 2674 1060 1637 2938 4203 3429 3630 3700 4217 2403 2423 615 2145 3430 1060 1889 6256 4723 3183 3962 615 1142 
